8
192
73028
81864
81864
83984
83988
83988
86132
73172
73172
73176
73176
83296
376116
649572
928712
978612
978616
978620
978620
978620
978624
978628
982472
982480
982480
982480
982484
982912
987152
987152
987152
987156
987156
987156
987160
987160
987160
987164
987164
987168
987168
987168
987172
987172
987176
987180
987180
987184
987184
987184
987188
987188
987188
987192
987192
987192
987196
987196
987200
987200
987200
987204
987204
987204
987208
987208
987208
987216
987216
987220
987220
987220
987224
986500
1267220
1544624
1812332
1935444
1935448
1935448
2319428
2699264
1080124
1080128
1080132
1080132
1080136
1080136
1080136
1080140
1080144
1080152
1080152
1080272
1080276
1231716
1437364
1437872
1442400
1440792
1445064
1441448
1441452
1542336
1642648
