15142
15231
15370
15370
15370
15371
15371
15370
15371
15371
15370
15370
15370
15370
15370
15370
15370
15370
15370
15370
15370
15370
15370
15370
15370
15370
15370
15370
15370
15370
15370
15370
15395
15395
15395
15396
15363
15307
15302
15391
15416
15415
15415
15414
15414
15343
15343
15343
15414
15414
15343
15343
15343
15343
15343
15344
15344
15344
15343
15343
15343
15344
15343
15343
15343
15343
15343
15415
15350
15350
15350
15351
15351
15350
15350
15350
15419
15267
15341
15299
15303
15303
15342
15334
15334
15334
15334
15334
15334
15334
15334
15334
15333
15333
15333
15334
15334
15334
15334
15333
15334
15334
15335
15334
15334
15334
15334
15334
15334
15334
15334
15334
15334
15334
15334
15334
15334
15334
15334
15334
15334
15333
15333
15333
15334
15334
15334
15334
15334
15334
15334
15334
15334
15334
15334
15334
15334
15334
15334
15334
15334
15334
15334
15334
15334
15303
15299
15335
15335
15335
15334
15335
15335
15334
15334
15334
15334
15334
15334
15334
15334
15334
15334
15334
15334
15334
15334
15334
15334
15334
15334
15334
15334
15334
15334
15334
15334
15335
15335
15334
15334
15334
15334
15334
15334
15334
15334
15334
15334
15334
15334
15334
15334
15334
15334
15334
15334
15334
15334
15334
15334
15334
15334
15334
15334
15334
14063
14063
14103
18527
18934
14508
14570
14632
14690
14752
14818
14886
14946
15006
15067
14482
14590
14710
13501
13501
13465
13502
13502
13501
13501
13501
13502
13501
13501
13502
13501
13501
13501
13501
13502
13501
13501
13502
13502
13502
13502
13502
13502
13502
13501
13502
13537
13538
13434
13538
13537
13451
13633
13707
13892
13814
13886
13959
13995
14067
14139
14676
14248
14320
14391
14456
14500
14572
14644
14717
14753
14825
14861
14933
15005
15077
15113
15185
15257
15329
15365
15438
15510
15582
15654
15690
15762
15834
15906
17616
15979
16051
16087
16159
16231
16304
16376
16412
16484
16556
16628
16664
16737
16809
16881
16917
16989
17061
17133
17205
17242
17314
17386
17458
17494
17566
17638
17710
17747
17819
17891
17963
18035
18071
18143
18188
20350
21554
21876
22203
22622
18194
18267
18340
18413
18448
18520
18592
18664
18700
18770
18842
18914
18956
19023
19096
19168
19240
19276
19348
19421
19493
19529
19601
19673
19745
19795
19853
19926
19998
20070
20106
20178
20250
20323
20359
20431
20503
20575
20647
20683
20756
20756
20756
20756
20756
20756
22275
23039
23334
23638
23975
24314
24306
24308
24308
24308
24308
24305
24305
24305
24305
24305
24305
24306
24306
24306
24306
24306
24305
24306
24305
24306
24305
24306
24306
24306
24306
24306
24305
24305
24305
24306
24304
24306
24305
24305
24306
24305
24305
24304
24304
24304
24304
24304
24304
24303
24304
24303
24303
24303
24303
24303
24303
24302
24302
24302
24302
24301
24302
24302
24301
24301
24301
24301
24301
24301
24301
24300
24300
24300
24300
24300
24300
24300
24300
24299
24299
24299
24298
24298
24298
24298
24298
24298
24298
24298
24297
24297
24296
24296
24296
24296
24295
24295
24295
24295
24295
13986
14127
13983
13983
13982
14271
13983
13990
14279
13991
13990
14242
13991
13989
13991
14135
14135
14134
14134
14134
14134
14134
14134
14134
14134
14134
14134
14134
14134
14134
14134
14134
14134
14134
14135
14135
14135
14134
13991
13991
13991
13991
13990
14126
14134
14134
14134
14134
14134
14134
14135
14134
14134
14134
14135
14135
14135
14135
14135
14135
14135
14134
14135
14135
14135
14135
14135
13991
13991
13991
13991
13991
14135
14135
14134
14134
14134
14134
14134
14134
14134
14134
14134
14135
14135
14134
14134
14134
14135
14134
14134
14134
14134
14134
14134
14135
14134
14279
13991
13991
13991
13991
13991
13991
14098
14134
14134
14134
14134
14134
14134
14134
14134
14134
14134
14134
14135
14135
14136
14135
14135
14135
14135
14136
14136
14136
14136
14136
14135
13992
13992
13992
13992
13991
13991
14135
14135
14135
14135
14135
14135
14135
14135
14136
14135
14135
14135
14135
14135
14135
14135
14135
14135
14135
14135
14135
14135
14135
14122
13979
13979
13979
13978
13978
14121
13978
13977
13978
13978
13978
13978
13978
13979
13979
13979
13978
13978
13978
13978
13978
13978
13978
13978
14266
14194
14194
14194
14194
14193
14193
14193
14193
14193
14193
14193
14193
14194
14193
14194
14194
14194
14193
14194
14194
14194
14193
14194
14194
14194
14194
14194
14194
14194
14194
14230
14230
14374
14374
14374
14374
13338
13357
13481
13525
13525
13525
13525
13525
13453
13453
13453
13525
13525
13453
13453
13453
13454
13454
13454
13454
13454
13525
13466
13466
13556
13561
13561
13562
13562
13562
13562
13562
13562
13562
13562
13562
13562
13357
13509
13562
13562
13597
13633
13633
13633
13606
13630
13660
13688
13599
13671
13707
13708
13708
13686
13716
13740
13770
13583
13582
13582
13582
13582
13582
13582
13582
13582
13582
13582
13582
13582
13582
13582
13582
13582
13582
13582
13582
13582
13582
13582
13582
13582
13582
13582
13582
13582
13582
13582
13582
13582
13582
13582
13582
13582
13582
13582
13582
13582
13582
13582
13582
13582
13582
13582
13582
13583
13582
13582
13582
13582
13582
13582
13582
13582
13582
13582
13582
13582
13582
13582
13582
13582
13582
13583
13583
13584
13584
13584
13584
13584
13584
13584
13584
13584
13584
13584
13584
13584
13584
13584
13584
13584
13584
13584
13584
13583
13584
13584
13584
13584
13584
13584
13584
13584
13584
13584
13584
13584
13584
13583
13583
13534
13411
13773
14111
14608
14802
15216
15649
15757
16190
16623
17020
17453
17865
20461
22525
18346
18780
19179
19612
20044
20478
21560
22858
23087
23405
23736
24069
24404
24734
25064
24797
25264
25594
25943
26272
26599
26925
27249
27556
27857
28178
28494
28815
29130
29445
27111
27960
27976
27977
27978
28048
28012
28013
27906
27975
27977
27911
28048
28049
28050
28013
28013
28013
28084
28085
28085
28086
28048
28049
28050
28124
28120
28122
28085
28085
28085
28100
28155
28155
28156
28118
28120
28120
28191
28191
28192
28192
28153
28155
28081
28226
28227
28228
28190
28192
28192
28252
28262
28264
28265
28227
28228
28228
28299
28299
28300
28259
28262
28264
28259
28335
28336
28337
28299
28300
28301
28371
28372
28373
28374
28334
28336
28257
28408
28409
28409
28372
28372
28373
28433
28443
28445
28445
28407
28408
28408
28479
28479
28481
28435
28442
28444
28437
28515
28517
28518
28479
28480
28481
28552
28552
28553
28553
28515
28516
28438
28587
28589
28590
28551
28552
28553
28613
28623
28625
28626
28587
28588
28589
28659
28659
28661
28620
28625
28625
28619
28695
28697
28697
28661
28661
28662
28731
28731
28733
28734
28695
28697
28606
28768
28769
28770
28731
28733
28733
28789
28804
28805
28806
28767
28769
28770
28839
28840
28841
28772
28803
28805
28774
28876
28878
28878
28839
28841
28842
28911
28912
28914
28914
28875
28877
28878
28974
28948
28950
28912
28913
28914
28942
28984
28985
28986
28947
28949
28950
29019
29020
29022
28945
28985
28986
28951
29056
29058
29058
29020
29021
29022
29092
29092
29094
29094
29056
29058
29058
29140
29128
29130
29093
29094
29094
29114
29164
29166
29167
29128
29130
29131
29200
29202
29202
29123
29164
29165
29125
29237
29238
29239
29200
29202
29202
29272
29272
29274
29274
29236
29238
29238
29300
29308
29310
29310
29272
29274
29274
29344
29345
29346
29299
29310
29311
29301
29381
29382
29383
29344
29346
29346
29416
29417
29418
29419
29380
29382
29383
29453
29454
29455
29417
29418
29419
29464
29489
29490
29491
29452
29454
29455
29524
29527
29527
29476
29489
29490
29477
29561
29563
29563
29525
29526
29527
29596
29597
29599
29599
29561
29562
29563
29633
29635
29636
29598
29598
29599
29645
29669
29671
29672
29633
29635
29636
29705
29705
29707
29653
29669
29671
29655
29741
29742
29743
29705
29706
29706
29777
29776
29778
29778
29739
29741
29636
29811
29812
29813
29775
29777
29777
29828
29847
29848
29849
29810
29811
29812
29882
29882
29884
29829
29845
29847
29833
29917
29919
29920
29883
29883
29883
29954
29953
29954
29955
29916
29918
29919
29988
29991
29991
29953
29954
29955
30001
30024
30026
30026
29988
29989
29989
30060
30059
30061
30006
30022
30024
30009
30094
30096
30097
30059
30060
30060
30131
30131
30132
30133
30093
30095
30095
30196
30165
30167
30130
30131
30131
30170
30201
30203
30203
30166
30166
30167
30238
30237
30238
30172
30200
30202
30175
30272
30274
30274
30237
30237
30238
30308
30309
30310
30311
30272
30273
30273
30364
30343
30345
30307
30308
30309
30335
30378
30380
30381
30342
30343
30343
30415
30415
30415
30416
30377
30379
30338
30449
30451
30451
30414
30414
30415
30486
30485
30487
30488
30449
30450
30450
30521
30520
30521
30479
30484
30485
30484
30555
30556
30557
30519
30520
30521
30591
30591
30592
30593
30554
30555
30454
30626
30627
30628
30589
30591
30592
30645
30661
30663
30664
30625
30626
30627
30697
30697
30698
30644
30660
30662
30646
30732
30734
30734
30695
30697
30698
30767
30767
30769
30769
30731
30732
30733
30803
30804
30805
30766
30768
30769
30814
30838
30840
30840
30802
30803
30804
30874
30874
30875
30818
30837
30839
30820
30909
30911
30911
30873
30874
30875
30944
30944
30946
30946
30908
30910
30910
31002
30982
30982
30943
30945
30946
30985
31015
31017
31018
30979
30981
30981
31051
31051
31053
30985
31014
31016
30989
31087
31088
31088
31050
31051
31052
31122
31122
31123
31124
31085
31086
31087
31179
31157
31158
31121
31122
31123
31151
31193
31194
31194
31156
31157
31158
31228
31228
31230
31156
31191
31193
31156
31263
31265
31265
31227
31228
31229
31298
31299
31300
31300
31262
31264
31264
31350
31334
31335
31298
31299
31300
31324
31369
31371
31372
31333
31334
31335
31405
31405
31406
31311
31364
31365
31319
31435
31437
31437
31400
31400
31401
31471
31443
31453
31446
31417
31438
31441
31508
31508
31510
31469
31473
31474
31487
31544
31545
31545
31507
31509
31509
31579
31579
31580
31527
31542
31544
31543
31615
31616
31616
31579
31579
31580
31650
31650
31651
31524
31613
31615
31594
31685
31687
31688
31650
31650
31651
31722
31721
31722
31723
31684
31686
31631
31756
31758
31758
31720
31722
31722
31792
31791
31793
31794
31755
31757
31676
31827
31828
31829
31792
31792
31793
31863
31863
31864
31865
31826
31828
31828
31898
31900
31900
31863
31863
31863
31934
31934
31936
31936
31897
31898
31899
31997
31969
31970
31933
31934
31934
32001
32004
32006
32006
31968
31969
31970
31970
32040
32039
32041
32004
32004
32005
32032
32075
32077
32077
32039
32041
32042
32112
32111
32113
32071
32076
32077
32091
32147
32148
32148
32111
32111
32112
32183
32182
32183
32130
32145
32147
32146
32217
32219
32219
32182
32182
32183
32254
32253
32255
32192
32216
32218
32207
32288
32289
32290
32252
32253
32253
32324
32325
32325
32217
32286
32289
32264
32359
32361
32361
32323
32323
32324
32395
32395
32396
32396
32358
32360
32323
32430
32431
32432
32393
32395
32396
32465
32466
32466
32466
32429
32430
32430
32501
32502
32503
32464
32465
32466
32536
32536
32537
32538
32499
32500
32501
32594
32572
32573
32535
32536
32536
32591
32606
32608
32609
32570
32571
32572
32642
32642
32643
32599
32605
32607
32617
32677
32679
32679
32641
32642
32643
32713
32713
32714
32574
32676
32678
32654
32748
32749
32750
32711
32713
32713
32783
32783
32785
32785
32747
32748
32653
32819
32820
32821
32782
32784
32784
32854
32854
32856
32856
32817
32819
32820
32918
32889
32891
32853
32855
32855
32903
32925
32926
32927
32888
32890
32891
32960
32960
32962
32924
32925
32926
32940
32996
32997
32998
32999
32959
32961
32962
33031
33031
33033
33033
32995
32996
32997
33084
33067
33069
33031
33032
33033
33067
33102
33104
33104
33065
33067
33067
33138
33138
33139
33088
33101
33103
33104
33173
33175
33176
33136
33138
33139
33208
33208
33210
33211
33172
33174
33144
33244
33246
33246
33207
33209
33210
33279
33279
33281
33281
33243
33245
33245
33315
33317
33318
33279
33280
33280
33351
33350
33352
33352
33314
33315
33316
33397
33386
33387
33350
33351
33351
33384
33421
33423
33424
33385
33386
33387
33457
33457
33458
33401
33420
33422
33415
33492
33494
33494
33456
33457
33458
33528
33527
33529
33529
33492
33494
33430
33563
33565
33565
33528
33528
33528
33599
33598
33600
33601
33562
33564
33564
33634
33636
33636
33598
33599
33600
33642
33669
33671
33672
33633
33634
33635
33705
33706
33707
33660
33669
33670
33676
33741
33742
33743
33705
33706
33707
33777
33776
33778
33778
33739
33741
33712
33811
33813
33814
33776
33777
33777
33848
33847
33848
33849
33810
33813
33813
33882
33884
33884
33846
33848
33848
33919
33919
33919
33920
33881
33883
33883
33976
33953
33955
33917
33918
33919
33966
33989
33990
33990
33952
33953
33954
34024
34024
34026
33982
33986
33988
34001
34059
34060
34061
34023
34024
34024
34095
34094
34096
33982
34057
34059
34040
34129
34131
34132
34094
34094
34095
34165
34165
34167
34167
34128
34130
34041
34200
34202
34202
34165
34165
34166
34236
34236
34237
34237
34199
34201
34201
34271
34273
34273
34235
34236
34236
34307
34308
34308
34308
34270
34271
34272
34360
34342
34343
34306
34307
34307
34352
34377
34379
34379
34341
34342
34343
34413
34412
34414
34370
34375
34377
34394
34448
34450
34450
34412
34413
34413
34484
34484
34485
34378
34447
34449
34428
34520
34521
34522
34484
34484
34485
34555
34555
34556
34557
34519
34520
34421
34591
34592
34593
34554
34555
34556
34627
34627
34628
34628
34590
34591
34591
34689
34661
34663
34625
34628
34628
34675
34697
34698
34699
34661
34662
34662
34733
34732
34734
34686
34696
34697
34706
34768
34769
34770
34731
34733
34734
34803
34803
34805
34805
34767
34768
34737
34839
34841
34842
34802
34804
34804
34874
34874
34875
34876
34838
34839
34840
34909
34911
34912
34873
34874
34875
34945
34945
34946
34947
34908
34910
34910
34980
34982
34982
34944
34946
34947
35015
35016
35017
35017
34979
34980
34981
35051
35052
35053
35014
35016
35016
35086
35086
35088
35088
35220
35518
35821
36122
36422
36726
37052
37374
37691
38006
38323
38458
38459
38459
38460
38460
38460
38460
38460
38461
38461
38461
38461
38461
38460
38461
38461
38460
38460
38460
38460
38460
38459
38459
38459
38459
38458
38458
38458
38458
38458
38458
38457
38457
38458
38457
38458
38458
38458
38457
38457
38457
38457
38457
38456
38456
38455
38455
38454
38454
38454
38454
38454
38454
38453
38453
38453
38452
38453
38452
38452
38452
38451
38451
38450
38451
38450
38450
38450
38450
38450
38450
38449
38449
38448
38448
38448
38448
38447
38447
38446
38446
38445
38445
38445
38445
38445
38446
38445
38445
38444
38444
38445
38444
38444
38444
38444
38443
38443
38443
38443
38444
16835
13078
13086
13092
13095
13181
13181
13196
13172
13186
16943
17305
17601
18656
18187
18348
19047
18872
18964
19358
19441
19752
19881
20270
20296
20864
22338
16846
16924
17002
17080
17156
17234
17312
17391
17469
17547
17625
17703
17781
17860
17938
18016
18094
18172
18250
18329
18407
18485
18563
18641
18719
18797
18875
18954
19032
19110
19189
19267
19345
19423
19501
19579
19657
19733
19812
19890
19968
20047
20125
20205
20283
20361
20439
16834
16834
16834
16834
16834
16833
16833
16834
16833
16833
16833
16833
16833
16833
16833
16833
16833
16833
16833
16833
16834
16833
16833
16833
16833
16833
16833
16833
16833
16833
16833
16834
16833
16834
16834
16834
16834
16834
16834
16833
16834
16833
16834
16833
16834
16834
16834
16834
16834
16834
16834
16834
16834
16834
16834
16834
16834
16834
16834
16834
16834
16834
16834
16834
16834
16834
16833
16833
16834
16834
16834
16834
16834
16833
16833
16833
16833
16833
16833
16833
16833
13294
13293
13293
13293
13293
13221
13221
13221
13221
13222
13222
13221
13222
13221
13221
13221
13221
13221
13221
13221
13221
13221
13293
13222
13222
13222
13222
13222
13222
13223
13223
13223
13223
13223
13223
13223
13223
13223
13223
13223
13223
13222
13294
13229
13229
13229
13229
13229
13229
13229
13229
13229
13229
13229
13229
13229
13229
13229
13257
13436
13436
13436
13436
13436
13437
13472
13472
13472
13472
13472
13472
13473
13473
13473
13473
13320
13316
13316
13460
13460
13460
13460
13460
13460
13460
13460
13352
13352
13352
13460
13460
13460
13460
13460
13460
13460
13460
13316
13368
13328
13368
13375
13368
13368
13375
13368
13369
13375
13346
13368
13375
13375
13346
13490
13489
13489
13489
13489
13418
13382
13382
13364
13376
13383
13377
13383
13384
13376
13383
13364
13377
13384
13384
13384
13384
13508
13508
13508
13508
13508
13508
13417
13419
13455
13524
13591
13912
13912
13912
13912
13912
13912
13912
13912
13913
13913
13913
13913
13792
13653
13653
13652
13912
13913
13912
13913
13913
13912
13913
13912
13912
13912
13913
13913
13912
13654
13654
13654
13703
13913
13913
13913
13912
13912
13912
13912
13912
13912
13912
13912
13913
13912
13912
13912
13912
13912
13913
13651
13651
13651
13912
13913
13913
13913
13913
13912
13912
13913
13913
13913
13913
13913
13913
13652
13652
13652
13912
13913
13913
13912
13912
13912
13913
13913
13913
13913
13912
13912
13912
13912
13912
13912
13913
13912
13913
13913
13912
13912
13912
13913
13913
13913
13912
13912
13912
13912
13912
13912
13913
13913
13912
13912
13913
13913
13912
13912
13912
13912
13912
13912
13912
13912
13912
13912
13911
13912
13912
13912
13912
13651
13651
13651
13650
13651
13614
13614
13615
13673
13966
13967
13637
13637
13674
13967
13967
13967
13614
13614
13641
13791
13967
13967
13967
13614
13614
13674
13967
13967
13967
13614
13614
13614
13674
13967
13967
13967
13614
13614
13640
13872
13967
13967
13613
13613
13613
13673
13966
13966
13966
13613
13613
13640
13967
13967
13967
13614
13613
13640
13707
13967
13967
13967
13613
13613
13674
13967
13967
13967
13298
13634
13975
14821
14680
15113
15743
15655
16088
16516
16917
17350
17783
21074
18052
18469
18902
19335
19768
20181
21257
21258
21258
21257
21257
21257
21258
21250
21250
21250
21250
21250
21250
21249
21250
21250
21249
21250
21250
21250
21250
21250
21250
21434
21434
21434
21434
21434
21434
21434
21434
21434
21434
21434
21434
21434
21436
21436
21436
21435
21435
21435
21435
21436
13216
13151
13145
13661
13843
13654
13852
13541
13540
13540
13541
13541
13541
13541
13541
13541
13541
13368
17017
17368
17726
17921
18912
18493
18636
19376
19152
19225
19617
19696
19984
20128
21004
20490
20447
16911
16911
16915
13323
17128
17501
17808
18005
18311
18580
18725
19049
19239
20795
19735
19789
20156
20224
20532
20584
23993
17083
17083
17085
13415
13449
14012
14296
13671
13333
13341
13341
13341
13341
13347
13347
13347
13347
13347
13346
13347
13347
13346
13350
13351
13351
13351
13351
13350
13351
13337
13334
13336
13333
13333
13333
13333
13333
13333
13334
13333
13333
13333
13333
13333
13334
13334
13334
13333
13327
13676
13985
13699
13360
13358
13368
13367
13367
13366
13372
13372
13372
13372
13372
13373
13372
13372
13373
13377
13377
13377
13377
13377
13377
13377
13359
13360
13362
13359
13360
13359
13359
13359
13359
13359
13359
13358
13358
13358
13358
13358
13358
13359
13358
13352
13700
13995
13719
13908
14779
15195
14046
14048
13814
14038
13782
13973
14061
16012
15742
15932
16028
16120
16210
16298
16395
16489
16581
16673
16767
16862
16951
17041
17135
17231
17323
17415
17507
17603
17696
17784
17876
17971
18065
18157
18197
18197
18197
18197
18602
18683
18757
18836
18909
18991
19067
19145
19217
19297
19377
19453
19531
19605
19684
19758
19840
19914
19992
20071
20145
20227
20301
20379
20453
20531
20609
20687
20767
20839
20918
20954
20953
20954
20955
20955
15439
15439
15439
15438
15438
15438
15438
14244
14092
14142
14241
14515
14223
14739
14143
14146
14832
14489
13800
14198
14499
14144
13804
14157
14400
14146
13804
14255
14146
13802
14144
14468
13801
13800
12909
12908
12908
12908
12908
12907
12907
12908
12908
12908
12908
12908
12908
12908
12908
12908
12908
12908
12908
12908
12908
12908
12908
12908
12908
12908
12908
12908
12908
12908
